   1.00000000       11.2672052    
   2.00000000       5.88048458    
   3.00000000       6.44128227    
   4.00000000       6.42640734    
   5.00000000       7.51051426    
   6.00000000       7.33170795    
   7.00000000       2.99787998    
   8.00000000       9.22890186    
   9.00000000       9.51854992    
   10.0000000       9.66796875    
   11.0000000       10.0283852    
   12.0000000       9.53693676    
   13.0000000       11.7545338    
   14.0000000       11.3261900    
   15.0000000       13.4099121    
   16.0000000       13.0443020    
   17.0000000       13.3780622    
   18.0000000       14.3971758    
   19.0000000       14.8530426    
   20.0000000       13.7466278    
   21.0000000       15.8018494    
   22.0000000       15.6344137    
   23.0000000       17.6907654    
   24.0000000       18.7756157    
   25.0000000       15.4598503    
   26.0000000       17.8511543    
   27.0000000       18.2727127    
   28.0000000       17.3917027    
   29.0000000       19.6089077    
   30.0000000       20.4332199    
   31.0000000       18.7287598    
   32.0000000       20.8439980    
   33.0000000       19.4221287    
   34.0000000       21.6134377    
   35.0000000       26.6185741    
   36.0000000       22.9645729    
   37.0000000       22.9374695    
   38.0000000       23.1294727    
   39.0000000       24.1739044    
   40.0000000       29.1036358    
   41.0000000       26.5740395    
   42.0000000       25.3928146    
   43.0000000       28.1655083    
   44.0000000       25.8340759    
   45.0000000       27.1615143    
   46.0000000       27.9192314    
   47.0000000       23.9923649    
   48.0000000       29.3082561    
   49.0000000       29.9632130    
   50.0000000       28.9090195    
   51.0000000       29.9453125    
   52.0000000       31.5228977    
   53.0000000       32.2618637    
   54.0000000       28.7030659    
   55.0000000       32.4970016    
   56.0000000       32.4636688    
   57.0000000       33.5182724    
   58.0000000       34.4214821    
   59.0000000       34.7179489    
   60.0000000       38.5759163    
   61.0000000       38.6506386    
   62.0000000       35.5188980    
   63.0000000       36.0871887    
   64.0000000       36.9856644    
   65.0000000       37.2689972    
   66.0000000       37.6534653    
   67.0000000       37.9382591    
   68.0000000       40.7006264    
   69.0000000       38.7511482    
   70.0000000       39.5731812    
   71.0000000       40.0683022    
   72.0000000       45.1437454    
   73.0000000       41.0153236    
   74.0000000       42.0632324    
   75.0000000       42.5613289    
   76.0000000       43.5057106    
   77.0000000       46.9902000    
   78.0000000       44.2573586    
   79.0000000       44.2031631    
   80.0000000       45.8152695    
   81.0000000       45.9767227    
   82.0000000       45.9167824    
   83.0000000       47.6581383    
   84.0000000       50.6837845    
   85.0000000       46.8496208    
   86.0000000       45.4916039    
   87.0000000       48.2817879    
   88.0000000       49.6693077    
   89.0000000       49.3967934    
   90.0000000       48.9925842    
   91.0000000       48.5416565    
   92.0000000       51.0350456    
   93.0000000       50.6802063    
   94.0000000       51.2722054    
   95.0000000       52.6506996    
   96.0000000       46.9850388    
   97.0000000       53.3152466    
   98.0000000       53.7468033    
   99.0000000       50.4024048    
   100.000000       55.3194160    
